fecha	objective	metric	first_metric_only	boost_from_average	feature_pre_filter	verbosity	max_depth	min_gain_to_split	lambda_l1	lambda_l2	max_bin	num_iterations	force_row_wise	seed	learning_rate	feature_fraction	min_data_in_leaf	num_leaves	envios	ganancia	iteracion
20221001 002844	binary	custom	TRUE	TRUE	FALSE	-100	-1	0	0	0	31	49	TRUE	102191	0.0926089098306256	0.46210459632799	3448	393	10487	25430000	1
20221001 002903	binary	custom	TRUE	TRUE	FALSE	-100	-1	0	0	0	31	69	TRUE	102191	0.146976296154025	0.982530045229942	5942	543	12068	25150000	2
20221001 002919	binary	custom	TRUE	TRUE	FALSE	-100	-1	0	0	0	31	46	TRUE	102191	0.177457351324556	0.681281875101849	5209	431	11151	25300000	3
20221001 002933	binary	custom	TRUE	TRUE	FALSE	-100	-1	0	0	0	31	32	TRUE	102191	0.155327925930265	0.383513112263754	2705	312	9734	25420000	4
20221001 002951	binary	custom	TRUE	TRUE	FALSE	-100	-1	0	0	0	31	69	TRUE	102191	0.223636627895001	0.554587022345513	4180	639	8177	25090000	5
20221001 003021	binary	custom	TRUE	TRUE	FALSE	-100	-1	0	0	0	31	143	TRUE	102191	0.188323334647517	0.574024231052026	6252	139	9236	25610000	6
20221001 003034	binary	custom	TRUE	TRUE	FALSE	-100	-1	0	0	0	31	35	TRUE	102191	0.23671845679963	0.409915670705959	3050	710	14534	23500000	7
20221001 003127	binary	custom	TRUE	TRUE	FALSE	-100	-1	0	0	0	31	416	TRUE	102191	0.0616458281603991	0.354571637324989	6523	898	12725	24870000	8
20221001 003142	binary	custom	TRUE	TRUE	FALSE	-100	-1	0	0	0	31	15	TRUE	102191	0.257184949782095	0.641336658634245	1999	809	5495	23730000	9
20221001 003229	binary	custom	TRUE	TRUE	FALSE	-100	-1	0	0	0	31	235	TRUE	102191	0.0693084712751443	0.495260682553053	4789	343	11628	25870000	10
20221001 003252	binary	custom	TRUE	TRUE	FALSE	-100	-1	0	0	0	31	22	TRUE	102191	0.120274014541123	0.621981519926339	1296	113	6706	25630000	11
20221001 003410	binary	custom	TRUE	TRUE	FALSE	-100	-1	0	0	0	31	426	TRUE	102191	0.047152924386668	0.758062437241897	4516	1024	10952	25860000	12
20221001 003421	binary	custom	TRUE	TRUE	FALSE	-100	-1	0	0	0	31	12	TRUE	102191	0.290439810412994	0.928330147657543	5510	502	6027	24430000	13
20221001 003453	binary	custom	TRUE	TRUE	FALSE	-100	-1	0	0	0	31	133	TRUE	102191	0.126683752228273	0.90548827489838	3829	191	13126	24150000	14
20221001 003503	binary	custom	TRUE	TRUE	FALSE	-100	-1	0	0	0	31	32	TRUE	102191	0.249938736841897	0.280030118245631	7881	840	7814	25980000	15
20221001 004123	binary	custom	TRUE	TRUE	FALSE	-100	-1	0	0	0	31	456	TRUE	102191	0.00806556462915614	0.779062666306272	660	620	8849	27030000	16
20221001 004224	binary	custom	TRUE	TRUE	FALSE	-100	-1	0	0	0	31	125	TRUE	102191	0.0288685244944645	0.254105550432578	1220	740	14117	24170000	17
20221001 004247	binary	custom	TRUE	TRUE	FALSE	-100	-1	0	0	0	31	62	TRUE	102191	0.098632525959867	0.806174173355103	7399	40	7011	25900000	18
20221001 004310	binary	custom	TRUE	TRUE	FALSE	-100	-1	0	0	0	31	73	TRUE	102191	0.199831814709411	0.850170712666586	7222	953	13957	23690000	19
20221001 004330	binary	custom	TRUE	TRUE	FALSE	-100	-1	0	0	0	31	69	TRUE	102191	0.271447584933427	0.237319096494466	2145	218	5547	23150000	20
20221001 004756	binary	custom	TRUE	TRUE	FALSE	-100	-1	0	0	0	31	781	TRUE	102191	0.00504752781504367	0.893868784485817	5117	392	8496	25810000	21
20221001 005045	binary	custom	TRUE	TRUE	FALSE	-100	-1	0	0	0	31	457	TRUE	102191	0.00577457703094943	0.944770119931581	504	38	8886	26470000	22
20221001 005708	binary	custom	TRUE	TRUE	FALSE	-100	-1	0	0	0	31	139	TRUE	102191	0.00514305290288723	0.534766626484541	511	1020	8392	26580000	23
20221001 005822	binary	custom	TRUE	TRUE	FALSE	-100	-1	0	0	0	31	24	TRUE	102191	0.0372235527698256	0.99863645593179	500	722	8391	26420000	24
20221001 011551	binary	custom	TRUE	TRUE	FALSE	-100	-1	0	0	0	31	1380	TRUE	102191	0.00513888020502281	0.651155646428131	506	545	9549	27070000	25
20221001 012743	binary	custom	TRUE	TRUE	FALSE	-100	-1	0	0	0	31	1088	TRUE	102191	0.0054670613061192	0.547539019006289	500	465	8837	26890000	26
20221001 013523	binary	custom	TRUE	TRUE	FALSE	-100	-1	0	0	0	31	307	TRUE	102191	0.00502605647180303	0.7530602478196	503	597	6316	25850000	27
20221001 014243	binary	custom	TRUE	TRUE	FALSE	-100	-1	0	0	0	31	297	TRUE	102191	0.00513018097016373	0.7230463914366	548	787	9333	26780000	28
20221001 014707	binary	custom	TRUE	TRUE	FALSE	-100	-1	0	0	0	31	992	TRUE	102191	0.00522584180813923	0.616155755626701	8000	1023	8091	26300000	29
20221001 015625	binary	custom	TRUE	TRUE	FALSE	-100	-1	0	0	0	31	605	TRUE	102191	0.00521287050274218	0.825028649579197	501	511	9436	26650000	30
20221001 015842	binary	custom	TRUE	TRUE	FALSE	-100	-1	0	0	0	31	150	TRUE	102191	0.0156804958501272	0.674562268017873	522	189	8611	26780000	31
20221001 020208	binary	custom	TRUE	TRUE	FALSE	-100	-1	0	0	0	31	1374	TRUE	102191	0.00606621265430245	0.200729577339067	7999	141	9425	25790000	32
20221001 021636	binary	custom	TRUE	TRUE	FALSE	-100	-1	0	0	0	31	1757	TRUE	102191	0.00517014353427327	0.328115098326212	511	621	9209	26630000	33
20221001 022604	binary	custom	TRUE	TRUE	FALSE	-100	-1	0	0	0	31	729	TRUE	102191	0.00563504458187487	0.594567977103137	510	567	9841	26800000	34
20221001 023549	binary	custom	TRUE	TRUE	FALSE	-100	-1	0	0	0	31	816	TRUE	102191	0.00518131189543802	0.654975243723024	786	595	8862	27080000	35
20221001 023646	binary	custom	TRUE	TRUE	FALSE	-100	-1	0	0	0	31	55	TRUE	102191	0.0947309347706987	0.681062836946463	507	592	8910	25620000	36
20221001 024121	binary	custom	TRUE	TRUE	FALSE	-100	-1	0	0	0	31	214	TRUE	102191	0.00864788400737143	0.676510464608402	548	228	9068	26670000	37
20221001 024205	binary	custom	TRUE	TRUE	FALSE	-100	-1	0	0	0	31	157	TRUE	102191	0.0479530902672208	0.627506304773188	6997	554	8559	25930000	38
20221001 024300	binary	custom	TRUE	TRUE	FALSE	-100	-1	0	0	0	31	402	TRUE	102191	0.0219765158294171	0.354504115366864	500	16	8540	2.7e+07	39
20221001 024337	binary	custom	TRUE	TRUE	FALSE	-100	-1	0	0	0	31	117	TRUE	102191	0.021590426917233	0.441254635601305	2538	16	8429	26270000	40
20221001 024929	binary	custom	TRUE	TRUE	FALSE	-100	-1	0	0	0	31	1073	TRUE	102191	0.00536072803762214	0.77271398046283	2815	1024	8366	26150000	41
20221001 024957	binary	custom	TRUE	TRUE	FALSE	-100	-1	0	0	0	31	61	TRUE	102191	0.0334216128834005	0.643141617784149	634	18	8781	26520000	42
20221001 025235	binary	custom	TRUE	TRUE	FALSE	-100	-1	0	0	0	31	372	TRUE	102191	0.0144576105361222	0.20775384193983	500	130	8114	27140000	43
20221001 025259	binary	custom	TRUE	TRUE	FALSE	-100	-1	0	0	0	31	109	TRUE	102191	0.070878547306694	0.202437358849073	5082	113	7811	25500000	44
20221001 025716	binary	custom	TRUE	TRUE	FALSE	-100	-1	0	0	0	31	592	TRUE	102191	0.00632435710114852	0.308508935631214	503	123	8207	26470000	45
20221001 025829	binary	custom	TRUE	TRUE	FALSE	-100	-1	0	0	0	31	225	TRUE	102191	0.0173116853749927	0.249212235307463	516	68	8467	26350000	46
20221001 030235	binary	custom	TRUE	TRUE	FALSE	-100	-1	0	0	0	31	448	TRUE	102191	0.00861687496059556	0.200370452505917	701	404	5788	25390000	47
20221001 030638	binary	custom	TRUE	TRUE	FALSE	-100	-1	0	0	0	31	1090	TRUE	102191	0.00554980734845861	0.200080005112624	863	55	9314	26500000	48
20221001 031130	binary	custom	TRUE	TRUE	FALSE	-100	-1	0	0	0	31	512	TRUE	102191	0.0112663025249947	0.200352900712223	506	968	8303	26600000	49
20221001 031420	binary	custom	TRUE	TRUE	FALSE	-100	-1	0	0	0	31	179	TRUE	102191	0.0161963163169962	0.389650709739288	500	674	8248	26870000	50
20221001 032437	binary	custom	TRUE	TRUE	FALSE	-100	-1	0	0	0	31	1007	TRUE	102191	0.00509249811677008	0.654978810488852	653	635	12328	25670000	51
20221001 032505	binary	custom	TRUE	TRUE	FALSE	-100	-1	0	0	0	31	96	TRUE	102191	0.0425388230912224	0.99967827876063	1079	20	5112	23780000	52
20221001 032944	binary	custom	TRUE	TRUE	FALSE	-100	-1	0	0	0	31	1139	TRUE	102191	0.005572077642004	0.99925932573322	7955	934	10063	25400000	53
20221001 032957	binary	custom	TRUE	TRUE	FALSE	-100	-1	0	0	0	31	52	TRUE	102191	0.29374365703668	0.20051480387312	7974	1021	10273	24740000	54
20221001 033405	binary	custom	TRUE	TRUE	FALSE	-100	-1	0	0	0	31	1378	TRUE	102191	0.00559740102861508	0.363864357239531	7998	1018	8139	26290000	55
20221001 033429	binary	custom	TRUE	TRUE	FALSE	-100	-1	0	0	0	31	102	TRUE	102191	0.299887122539283	0.761725708568633	7992	16	8207	25030000	56
20221001 033947	binary	custom	TRUE	TRUE	FALSE	-100	-1	0	0	0	31	1404	TRUE	102191	0.00526032794829704	0.770136401884311	7997	17	10221	25720000	57
20221001 034239	binary	custom	TRUE	TRUE	FALSE	-100	-1	0	0	0	31	212	TRUE	102191	0.0152017417713071	0.200063108938019	513	468	8433	26580000	58
20221001 034250	binary	custom	TRUE	TRUE	FALSE	-100	-1	0	0	0	31	20	TRUE	102191	0.207451523781754	0.381216573902595	7998	1024	7927	24950000	59
20221001 034425	binary	custom	TRUE	TRUE	FALSE	-100	-1	0	0	0	31	40	TRUE	102191	0.0253151007769272	0.765213732350141	581	576	9202	26240000	60
20221001 034612	binary	custom	TRUE	TRUE	FALSE	-100	-1	0	0	0	31	110	TRUE	102191	0.0136916180368485	0.410280460825384	1101	115	8321	26560000	61
20221001 034852	binary	custom	TRUE	TRUE	FALSE	-100	-1	0	0	0	31	271	TRUE	102191	0.0227788498788367	0.280377002605236	526	777	7442	26480000	62
20221001 035109	binary	custom	TRUE	TRUE	FALSE	-100	-1	0	0	0	31	194	TRUE	102191	0.0162938957107459	0.602524004171467	994	716	5661	25240000	63
20221001 035411	binary	custom	TRUE	TRUE	FALSE	-100	-1	0	0	0	31	210	TRUE	102191	0.0160281702633498	0.4608005863826	535	859	11380	26280000	64
20221001 035812	binary	custom	TRUE	TRUE	FALSE	-100	-1	0	0	0	31	219	TRUE	102191	0.0117321628213332	0.822437125150331	502	643	9221	26760000	65
20221001 035919	binary	custom	TRUE	TRUE	FALSE	-100	-1	0	0	0	31	212	TRUE	102191	0.0264043310681624	0.200012907808705	547	93	7884	25920000	66
20221001 040044	binary	custom	TRUE	TRUE	FALSE	-100	-1	0	0	0	31	142	TRUE	102191	0.0337022813638592	0.899765013437754	1065	733	9021	26920000	67
20221001 040132	binary	custom	TRUE	TRUE	FALSE	-100	-1	0	0	0	31	126	TRUE	102191	0.0354682631158868	0.788134138598982	4718	731	9489	25430000	68
20221001 040251	binary	custom	TRUE	TRUE	FALSE	-100	-1	0	0	0	31	66	TRUE	102191	0.0326532357528898	0.985899123632775	730	285	7303	26760000	69
20221001 040528	binary	custom	TRUE	TRUE	FALSE	-100	-1	0	0	0	31	327	TRUE	102191	0.0153820467851241	0.918970658808979	517	136	9785	27070000	70
20221001 040813	binary	custom	TRUE	TRUE	FALSE	-100	-1	0	0	0	31	113	TRUE	102191	0.0159859021171028	0.831964849046273	506	425	9867	26590000	71
20221001 041254	binary	custom	TRUE	TRUE	FALSE	-100	-1	0	0	0	31	290	TRUE	102191	0.0100501598990162	0.989163202545342	516	254	9419	26690000	72
20221001 041502	binary	custom	TRUE	TRUE	FALSE	-100	-1	0	0	0	31	191	TRUE	102191	0.0143519673634897	0.969656337381691	533	139	9036	27130000	73
20221001 041702	binary	custom	TRUE	TRUE	FALSE	-100	-1	0	0	0	31	186	TRUE	102191	0.0334255748098699	0.978488930487271	504	240	11805	26310000	74
20221001 041829	binary	custom	TRUE	TRUE	FALSE	-100	-1	0	0	0	31	74	TRUE	102191	0.0318839219172957	0.941592989705111	732	1000	8230	27220000	75
20221001 041957	binary	custom	TRUE	TRUE	FALSE	-100	-1	0	0	0	31	42	TRUE	102191	0.0310266068004494	0.872197226042757	504	785	8056	26610000	76
20221001 042129	binary	custom	TRUE	TRUE	FALSE	-100	-1	0	0	0	31	70	TRUE	102191	0.0331000280032955	0.996381853872852	553	830	8247	26230000	77
20221001 042230	binary	custom	TRUE	TRUE	FALSE	-100	-1	0	0	0	31	121	TRUE	102191	0.0321005210626516	0.79407622618882	2252	547	9259	26530000	78
20221001 042341	binary	custom	TRUE	TRUE	FALSE	-100	-1	0	0	0	31	144	TRUE	102191	0.0317387637444742	0.926380007673226	1773	912	5909	25390000	79
20221001 042520	binary	custom	TRUE	TRUE	FALSE	-100	-1	0	0	0	31	146	TRUE	102191	0.0319270632649604	0.921595672476451	802	789	10571	26460000	80
20221001 042605	binary	custom	TRUE	TRUE	FALSE	-100	-1	0	0	0	31	88	TRUE	102191	0.0321099593152267	0.933586783531552	1248	50	8779	26450000	81
20221001 042727	binary	custom	TRUE	TRUE	FALSE	-100	-1	0	0	0	31	39	TRUE	102191	0.0356418969261833	0.951030122281187	500	431	8514	26740000	82
20221001 043312	binary	custom	TRUE	TRUE	FALSE	-100	-1	0	0	0	31	1020	TRUE	102191	0.0105451892212652	0.710886462627291	1305	995	10954	26660000	83
20221001 043428	binary	custom	TRUE	TRUE	FALSE	-100	-1	0	0	0	31	61	TRUE	102191	0.0341940858697328	0.915039079249991	717	307	8431	26580000	84
20221001 043941	binary	custom	TRUE	TRUE	FALSE	-100	-1	0	0	0	31	1534	TRUE	102191	0.00580158138444571	0.61550711745813	522	45	11283	26400000	85
20221001 044532	binary	custom	TRUE	TRUE	FALSE	-100	-1	0	0	0	31	1151	TRUE	102191	0.00873779926900758	0.550930040762854	1517	593	11504	26360000	86
20221001 044731	binary	custom	TRUE	TRUE	FALSE	-100	-1	0	0	0	31	264	TRUE	102191	0.0200761659292363	0.88255969423636	1500	621	9764	26560000	87
20221001 045132	binary	custom	TRUE	TRUE	FALSE	-100	-1	0	0	0	31	425	TRUE	102191	0.00504555647982508	0.917578191658455	500	76	10358	26570000	88
20221001 045343	binary	custom	TRUE	TRUE	FALSE	-100	-1	0	0	0	31	82	TRUE	102191	0.0205206987105474	0.968424211139462	500	342	8574	26700000	89
20221001 045705	binary	custom	TRUE	TRUE	FALSE	-100	-1	0	0	0	31	1194	TRUE	102191	0.0126123314086248	0.21451522261019	2548	85	10463	26440000	90
20221001 045851	binary	custom	TRUE	TRUE	FALSE	-100	-1	0	0	0	31	71	TRUE	102191	0.0219402403233461	0.368182519009914	533	861	6664	26360000	91
20221001 050322	binary	custom	TRUE	TRUE	FALSE	-100	-1	0	0	0	31	1098	TRUE	102191	0.0140625901031154	0.954650778349134	2277	276	12516	25690000	92
20221001 050627	binary	custom	TRUE	TRUE	FALSE	-100	-1	0	0	0	31	200	TRUE	102191	0.0152762660625653	0.932453864576405	603	627	7735	26370000	93
20221001 050914	binary	custom	TRUE	TRUE	FALSE	-100	-1	0	0	0	31	313	TRUE	102191	0.0132679056549176	0.334801825191732	858	1011	8737	26210000	94
20221001 051011	binary	custom	TRUE	TRUE	FALSE	-100	-1	0	0	0	31	80	TRUE	102191	0.037911756507957	0.932511520332824	1444	739	7999	26890000	95
20221001 051208	binary	custom	TRUE	TRUE	FALSE	-100	-1	0	0	0	31	166	TRUE	102191	0.0182150726348853	0.642196175355883	1090	506	9342	26440000	96
20221001 051412	binary	custom	TRUE	TRUE	FALSE	-100	-1	0	0	0	31	339	TRUE	102191	0.013746884536954	0.200494849836121	1235	142	13802	24720000	97
20221001 051633	binary	custom	TRUE	TRUE	FALSE	-100	-1	0	0	0	31	163	TRUE	102191	0.023026193238256	0.433093691719565	501	307	8010	26780000	98
20221001 051805	binary	custom	TRUE	TRUE	FALSE	-100	-1	0	0	0	31	92	TRUE	102191	0.0388698406353323	0.917173220121349	557	1022	12099	26050000	99
20221001 052018	binary	custom	TRUE	TRUE	FALSE	-100	-1	0	0	0	31	180	TRUE	102191	0.0152862968574232	0.948183609643875	1110	176	9271	26820000	100
20221001 052222	binary	custom	TRUE	TRUE	FALSE	-100	-1	0	0	0	31	244	TRUE	102191	0.0225837460311578	0.389959627298731	529	141	9644	27280000	101
20221001 052413	binary	custom	TRUE	TRUE	FALSE	-100	-1	0	0	0	31	229	TRUE	102191	0.0150918218344109	0.379357708971191	500	115	10003	27120000	102
20221001 052528	binary	custom	TRUE	TRUE	FALSE	-100	-1	0	0	0	31	131	TRUE	102191	0.0124124961201632	0.795002690936043	808	39	9392	26820000	103
20221001 052610	binary	custom	TRUE	TRUE	FALSE	-100	-1	0	0	0	31	17	TRUE	102191	0.0500681627297715	0.703405753492855	501	168	9038	25690000	104
20221001 052751	binary	custom	TRUE	TRUE	FALSE	-100	-1	0	0	0	31	103	TRUE	102191	0.0320487236074869	0.392524684311938	503	331	9386	26670000	105
20221001 052907	binary	custom	TRUE	TRUE	FALSE	-100	-1	0	0	0	31	69	TRUE	102191	0.0378767749900433	0.93860788412951	724	1010	8616	26850000	106
20221001 053120	binary	custom	TRUE	TRUE	FALSE	-100	-1	0	0	0	31	160	TRUE	102191	0.0199631154700334	0.393364875725517	512	229	9295	27170000	107
20221001 053922	binary	custom	TRUE	TRUE	FALSE	-100	-1	0	0	0	31	762	TRUE	102191	0.00500483057516721	0.38656939540174	537	207	10394	26740000	108
20221001 054020	binary	custom	TRUE	TRUE	FALSE	-100	-1	0	0	0	31	54	TRUE	102191	0.0307879486976829	0.523549756539147	509	142	10282	25840000	109
20221001 054205	binary	custom	TRUE	TRUE	FALSE	-100	-1	0	0	0	31	249	TRUE	102191	0.0236182683689785	0.398533653972403	1119	559	11756	26410000	110
20221001 054702	binary	custom	TRUE	TRUE	FALSE	-100	-1	0	0	0	31	442	TRUE	102191	0.0139386691706175	0.737868940460833	538	518	9871	26500000	111
20221001 054816	binary	custom	TRUE	TRUE	FALSE	-100	-1	0	0	0	31	181	TRUE	102191	0.0222465991250073	0.279974126816234	543	104	11989	25630000	112
20221001 054938	binary	custom	TRUE	TRUE	FALSE	-100	-1	0	0	0	31	99	TRUE	102191	0.0326435499254536	0.660999375241392	882	1019	8851	26620000	113
20221001 055110	binary	custom	TRUE	TRUE	FALSE	-100	-1	0	0	0	31	218	TRUE	102191	0.0250631908012341	0.376768385373055	701	135	8747	26990000	114
20221001 055215	binary	custom	TRUE	TRUE	FALSE	-100	-1	0	0	0	31	56	TRUE	102191	0.0388415255766768	0.401645158555231	655	380	7848	26630000	115
20221001 055257	binary	custom	TRUE	TRUE	FALSE	-100	-1	0	0	0	31	93	TRUE	102191	0.0460280375088244	0.393577656659059	1015	91	9590	26420000	116
20221001 055430	binary	custom	TRUE	TRUE	FALSE	-100	-1	0	0	0	31	124	TRUE	102191	0.0432922190375377	0.548801301958133	582	532	9157	26490000	117
20221001 055626	binary	custom	TRUE	TRUE	FALSE	-100	-1	0	0	0	31	301	TRUE	102191	0.0469037674180323	0.452744395381425	881	1017	6187	25550000	118
20221001 055717	binary	custom	TRUE	TRUE	FALSE	-100	-1	0	0	0	31	84	TRUE	102191	0.0463493198557446	0.593783167784289	1467	523	14995	23370000	119
20221001 055752	binary	custom	TRUE	TRUE	FALSE	-100	-1	0	0	0	31	104	TRUE	102191	0.0570039423405707	0.800134429264677	6891	1013	8577	26050000	120
