Feature	Gain	Cover	Frequency
ctrx_quarter___ccomisiones_otras	0.27837437147112	0.0254021017663725	0.0206378986866792
r_mpasivos_margen	0.0885785727703788	0.0163843268629232	0.0206378986866792
r_mpayroll	0.0537288288669994	0.029121974539533	0.0131332082551595
r_mprestamos_personales	0.0493431881117085	0.0275234970203067	0.0225140712945591
ctrx_quarter___r_mcuentas_saldo	0.0442998075824076	0.0157803951350031	0.0150093808630394
nulos___ccomisiones_mantenimiento	0.0433169908730088	0.00642840788680195	0.00938086303939963
ctrx_quarter___cdescubierto_preacordado	0.0324030513005192	0.00836478789923809	0.00938086303939963
cpayroll_trx	0.0290023894820243	0.0324580041639094	0.0168855534709193
ctarjeta_visa___r_mcaja_ahorro	0.0262679266936712	0.0313643660374038	0.0225140712945591
r_mrentabilidad_annual	0.0254593714808626	0.0260018016726664	0.0300187617260788
cdescubierto_preacordado___r_mcuentas_saldo	0.0248433723188748	0.0342754530613624	0.0206378986866792
ctarjeta_visa___r_Visa_fechaalta	0.0243121497481951	0.0138962865832939	0.0112570356472796
campo8	0.0224885213179161	0.00551490994328106	0.00187617260787993
ctarjeta_debito___r_mcuentas_saldo	0.0154053069701565	0.00600305903150801	0.00938086303939963
r_mtarjeta_visa_consumo	0.0132083672255432	0.0144425301188055	0.0168855534709193
r_mprestamos_personales___cprestamos_personales	0.0105751777017099	0.0188697264858577	0.0075046904315197
ccaja_ahorro___r_mcomisiones_mantenimiento	0.010349797369125	0.00994373132983776	0.0112570356472796
ctarjeta_visa___r_mcuenta_corriente	0.00913253928212121	0.0145442292561267	0.0225140712945591
r_mcomisiones_mantenimiento	0.00894275842895583	0.0126212218000294	0.0112570356472796
r_Visa_msaldopesos	0.00886048504430194	0.0183784627769139	0.0225140712945591
r_mcomisiones_mantenimiento___ccomisiones_mantenimiento	0.00865675179722011	0.0101109052113597	0.0150093808630394
ccaja_ahorro___r_mcuentas_saldo	0.0084258613304661	0.00502472958067354	0.0075046904315197
r_mactivos_margen	0.00834923227430022	0.0194875385887119	0.0187617260787993
r_mcomisiones_mantenimiento___r_Visa_fechaalta	0.00824343811592314	0.0281237385997688	0.0337711069418387
r_mcuentas_saldo___r_mcaja_ahorro	0.00650806874474812	0.020199466404533	0.0187617260787993
ccallcenter_transacciones	0.00556858139519232	0.0220596397731243	0.0075046904315197
nulos___r_Visa_fechaalta	0.0055375263515519	0.0120022586416929	0.0168855534709193
r_Visa_msaldototal	0.00545022449351462	0.0133970331951198	0.0206378986866792
r_Visa_mpagominimo	0.00540811993719266	0.0204031016611863	0.0131332082551595
nulos___ccomisiones_otras	0.004855516569247	0.0179839554376318	0.0150093808630394
r_mcuenta_corriente___r_mcomisiones_mantenimiento	0.00474979202415192	0.016066026167486	0.0187617260787993
Visa_cconsumos	0.00459041373929873	0.0179922836625922	0.0206378986866792
cliente_edad	0.00440315628043822	0.0182817741163982	0.0206378986866792
r_mcuentas_saldo	0.00432945086795663	0.0124618683248727	0.0150093808630394
r_mcomisiones	0.0041213371186083	0.00661142570849242	0.00938086303939963
ccajas_transacciones	0.00412115650258308	0.0110298198865621	0.00375234521575985
r_Master_fultimo_cierre	0.00395941884578144	0.0135383083282893	0.0225140712945591
cdescubierto_preacordado___ctarjeta_visa	0.00388655537047513	0.0101057254616892	0.00375234521575985
ccajas_consultas	0.0036714493367416	0.0165447298298432	0.00562851782363978
r_mcuentas_saldo___ccomisiones_otras	0.00354134337326812	0.0211899496470779	0.0318949343339587
r_Master_mpagominimo	0.00333922491696485	0.00500831011276383	0.00938086303939963
nulos___r_mcomisiones_mantenimiento	0.00333778311002905	0.00906564526968502	0.0112570356472796
r_mcuenta_corriente___r_mcuentas_saldo	0.00308887009865619	0.015794207800791	0.0131332082551595
r_mprestamos_personales___ccomisiones_otras	0.00293233254798492	0.0117324038402326	0.0168855534709193
ctrx_quarter	0.0029247072517616	0.0172131206647738	0.0131332082551595
r_mcuentas_saldo___r_mprestamos_personales	0.00290210930662518	0.00979118262385603	0.0131332082551595
r_mcuenta_corriente___ccomisiones_mantenimiento	0.00281042185540593	0.00852772995913381	0.0150093808630394
r_mprestamos_personales___ccomisiones_mantenimiento	0.00274954783636526	0.0177514422302011	0.0112570356472796
ctrx_quarter___cprestamos_personales	0.00252769788351093	0.0113226957976691	0.00562851782363978
r_mrentabilidad	0.00238972713747844	0.00979659935553758	0.00938086303939963
ctrx_quarter___ctarjeta_debito	0.00238587692773086	0.0109715223118394	0.0168855534709193
cdescubierto_preacordado___nulos	0.00236539367839018	0.00511887914821353	0.0075046904315197
r_Visa_mconsumospesos	0.00229522237707741	0.00799499439825308	0.0131332082551595
r_Master_Fvencimiento	0.0022887829138112	0.0123496065607725	0.0131332082551595
ccomisiones_mantenimiento___r_Visa_fechaalta	0.00219480698126417	0.006240210315441	0.00562851782363978
r_mcuenta_corriente___r_Visa_fechaalta	0.00207663052965823	0.00926525183215024	0.00938086303939963
ctarjeta_visa_transacciones	0.00203955425562174	0.00922506645398772	0.00938086303939963
thomebanking	0.00203158452720139	0.00792616805132434	0.00562851782363978
ctarjeta_debito___r_mcaja_ahorro	0.00197817675727858	0.00854604528313206	0.0168855534709193
cdescubierto_preacordado___r_mprestamos_personales	0.00186866894956677	0.00487177461981568	0.0112570356472796
ctrx_quarter___ctarjeta_visa	0.00180571123910959	0.00436121380425631	0.00562851782363978
ctarjeta_visa___r_mcuentas_saldo	0.00178705415537434	0.0129732077956113	0.0112570356472796
r_mcaja_ahorro___r_Visa_fechaalta	0.00177421868517794	0.00435755751037126	0.00562851782363978
ctrx_quarter___r_mprestamos_personales	0.00171602918280388	0.00194243998100488	0.00375234521575985
ctrx_quarter___r_mcaja_ahorro	0.00165706815445414	0.00661440491091728	0.00562851782363978
cdescubierto_preacordado___r_mcomisiones_mantenimiento	0.00157205476768685	0.012313145185641	0.00938086303939963
r_Master_mfinanciacion_limite	0.0014037108224932	0.00972570787965525	0.0150093808630394
ctarjeta_debito___r_mprestamos_personales	0.00135244735890399	0.00975912234321583	0.0131332082551595
nulos___r_mcuenta_corriente	0.00131533302599985	0.00910941923258657	0.0131332082551595
r_mcomisiones_otras	0.0012865723611113	0.00249135802778425	0.00562851782363978
ccaja_ahorro___r_mprestamos_personales	0.00113868050749788	0.00351522187931678	0.00938086303939963
ccaja_ahorro___r_Visa_fechaalta	0.00107783133621484	0.0106097523446577	0.00375234521575985
cproductos	0.00103061317406537	0.00647830952741826	0.00375234521575985
Master_status	0.000776714290733431	0.00551490994328106	0.00187617260787993
campo1	0.000773092415333453	0.00520839063925119	0.00187617260787993
ctrx_quarter_normalizado	0.000644187002709014	0.00404856682251168	0.0075046904315197
r_Visa_mfinanciacion_limite	0.000545282665033315	0.00367548942794472	0.00938086303939963
cdescubierto_preacordado___r_mcuenta_corriente	0.000344044594302613	0.00596957685880141	0.0075046904315197
nulos___r_mcuentas_saldo	0.000185860616928474	0.00233430666359222	0.00375234521575985
ctarjeta_debito___cprestamos_personales	1.60052934244561e-05	0.000551490994328106	0.00187617260787993
