Feature	Gain	Cover	Frequency
ctrx_quarter	0.106625736036857	0.00650903542920455	0.00699832648714438
ctrx_quarter___r_mcaja_ahorro	0.10292645938141	0.0114734555660601	0.010801764795375
campo1	0.0520367861885767	0.00356754180017701	0.00212992545260916
r_mpayroll	0.0453855169269164	0.0228242987533407	0.0132359653126426
ccaja_ahorro___r_mcuentas_saldo	0.0392904044932055	0.0102006263562573	0.0133881028449719
ctrx_quarter___cdescubierto_preacordado	0.0325634409185696	0.0109190633547367	0.0117145899893504
cpayroll_trx	0.0296949132724238	0.010545142256743	0.00395557584055987
r_mrentabilidad_annual	0.0295021747958583	0.0340915698586972	0.0351437699680511
r_mprestamos_personales	0.0262227546314898	0.0186777215496207	0.0136923779096303
ctrx_quarter_normalizado	0.0243415297646357	0.00669468327923193	0.0071504640194736
r_mpasivos_margen	0.0216133548128146	0.0135014255040613	0.0159744408945687
r_mtarjeta_visa_consumo	0.0180213047079597	0.0142209030340228	0.0139966529742888
campo8	0.0163745680769063	0.000919452128403259	0.000608550129316903
r_mactivos_margen	0.0138846502854022	0.021557427604587	0.0196257416704701
cdescubierto_preacordado___r_mcuentas_saldo	0.0136784864671953	0.0154208802282388	0.0173436786855317
r_mcomisiones_mantenimiento___ccomisiones_mantenimiento	0.0125806425733425	0.0129882027910246	0.010801764795375
ctarjeta_visa___r_mcuentas_saldo	0.0124888492763953	0.01468311748668	0.0117145899893504
cliente_edad	0.0121857932155261	0.0255860988904309	0.0290582686748821
r_Visa_mpagominimo	0.0111747544777111	0.0181991437210929	0.0217556671230793
cdescubierto_preacordado___ctarjeta_visa	0.010638884317661	0.00937425550851905	0.00380343830823064
nulos___r_mcomisiones_mantenimiento	0.0096733913299992	0.0115107739869751	0.0124752776509965
r_mrentabilidad	0.00961287493749633	0.0186029847278973	0.0197778792027993
nulos___r_Visa_fechaalta	0.00955019723509887	0.0147084864588658	0.014148790506618
r_mcuentas_saldo___r_mcaja_ahorro	0.00928036977542263	0.0110875813163782	0.0129316902479842
ccaja_ahorro___r_mprestamos_personales	0.0090215675617154	0.00958101763082838	0.0104974897307166
r_mcuenta_corriente___r_mcomisiones_mantenimiento	0.00894779935989535	0.0165022442394076	0.02160352959075
Master_status	0.0085271456874709	0.00714618507146965	0.00319488817891374
ctarjeta_visa_transacciones	0.00849273256108858	0.0111639992814926	0.0132359653126426
Visa_cconsumos	0.00849229283236557	0.0138309629353466	0.0182565038795071
r_Visa_msaldopesos	0.00848528884966395	0.0132389227397561	0.0133881028449719
r_Visa_msaldototal	0.00842818297243041	0.0119975871963438	0.0150616157005933
r_Visa_mconsumospesos	0.00830220699543782	0.0178424191647473	0.0237334550433592
r_Master_Fvencimiento	0.00818935614745091	0.0206192755331771	0.0225163547847254
r_mprestamos_personales___cprestamos_personales	0.00806356372077915	0.0119589246013077	0.00456412596987677
ctarjeta_visa___r_mcaja_ahorro	0.00785633368771104	0.0149087869177006	0.0118667275216796
r_Master_mfinanciacion_limite	0.00767844889747945	0.0139392781893837	0.0211471169937624
r_mcomisiones_mantenimiento	0.00736484725475642	0.00807601659398135	0.00912825193975354
r_Visa_mfinanciacion_limite	0.00724820749604796	0.0176407893436275	0.0208428419291039
nulos___r_mcuenta_corriente	0.00696603309864682	0.0191438759506658	0.0167351285562148
r_mcuenta_corriente___r_Visa_fechaalta	0.00669755752948222	0.0138547359321986	0.0150616157005933
ctrx_quarter___r_mcuentas_saldo	0.0066950296227688	0.00625675653472934	0.00958466453674121
r_mcuentas_saldo___ccomisiones_otras	0.00667058817467093	0.0119694780344897	0.0173436786855317
ctrx_quarter___ctarjeta_debito	0.0066688827527875	0.0164586196792964	0.0170394036208733
r_mcuentas_saldo___r_mprestamos_personales	0.00666776646894649	0.0185899095796287	0.0179522288148486
r_mcomisiones_mantenimiento___r_Visa_fechaalta	0.00648243079559784	0.0143693435519055	0.0158223033622395
r_mprestamos_personales___ccomisiones_otras	0.00627664402702812	0.017435282524423	0.0164308534915564
r_mcaja_ahorro___r_Visa_fechaalta	0.0062161420892468	0.0236596011382141	0.0194736041381409
r_Master_mpagominimo	0.00612775918156721	0.0124331625618743	0.0158223033622395
cdescubierto_preacordado___r_mprestamos_personales	0.00603145505568238	0.00743227568467629	0.0121710025863381
ctarjeta_debito___r_mprestamos_personales	0.00595524941147469	0.00712168259169242	0.0126274151833257
ctarjeta_debito___r_mcaja_ahorro	0.00590165484170382	0.00923945669163371	0.0133881028449719
ccaja_ahorro___r_Visa_fechaalta	0.00586030622796105	0.00908352508767135	0.0123231401186673
ccajas_consultas	0.0058103756091479	0.0137064916711435	0.00380343830823064
ctrx_quarter___r_mprestamos_personales	0.0057147496389549	0.00787178359267667	0.012779552715655
ctarjeta_visa___r_Visa_fechaalta	0.00569623004331971	0.0190635106312453	0.0133881028449719
r_Master_fultimo_cierre	0.0056116787667651	0.00898051617389731	0.0144530655712764
ctrx_quarter___ctarjeta_visa	0.0055329645259822	0.00827468404789216	0.00973680206907044
ccaja_ahorro___r_mcomisiones_mantenimiento	0.00540134229114764	0.012457839080725	0.0115624524570211
nulos___ccomisiones_otras	0.00535036862351935	0.0169390934228379	0.0147573406359349
ccomisiones_mantenimiento___r_Visa_fechaalta	0.00525499762147678	0.00769474141939137	0.00867183934276586
ctarjeta_visa___r_mcuenta_corriente	0.00521842316913444	0.0114295680958591	0.0120188650540088
ctarjeta_debito___r_mcuentas_saldo	0.00519020834982124	0.0123625693512844	0.014148790506618
cproductos	0.005038274885502	0.0173785383805351	0.0109539023277042
r_mcuenta_corriente___ccomisiones_mantenimiento	0.00500769834021222	0.00813111662406826	0.00928038947208276
r_mprestamos_personales___ccomisiones_mantenimiento	0.00482205149129526	0.0138795309457377	0.0115624524570211
ccallcenter_transacciones	0.00482181874687879	0.0144403959294127	0.00486840103453522
ctrx_quarter___cprestamos_personales	0.00473853701574447	0.00734523022719961	0.00395557584055987
cdescubierto_preacordado___r_mcuenta_corriente	0.00417864963532487	0.00605532667339615	0.00867183934276586
ctrx_quarter___ccomisiones_otras	0.00393226022252051	0.00785282073958023	0.0132359653126426
r_mcomisiones_otras	0.00393177228411495	0.00626726553240317	0.00928038947208276
nulos___ccomisiones_mantenimiento	0.0037774123138611	0.00684613430279071	0.00608550129316903
r_mcomisiones	0.00375282505983021	0.00766402167143431	0.00821542674577818
ccaja_seguridad	0.00372541327504379	0.00603212022927285	0.00152137532329226
nulos___r_mcuentas_saldo	0.00363572421743703	0.00856545520128898	0.010801764795375
cdescubierto_preacordado___r_mcomisiones_mantenimiento	0.00356512454048309	0.00676588377509961	0.00943252700441199
thomebanking	0.00355841880716537	0.00549526893478559	0.00410771337288909
r_mcuenta_corriente___r_mcuentas_saldo	0.00302923422101459	0.0073250602094655	0.00943252700441199
ccajas_transacciones	0.00291316561661596	0.00889263014472508	0.00349916324357219
cdescubierto_preacordado___nulos	0.00269413071459796	0.0030914819837769	0.00380343830823064
r_mcuentas_saldo	0.00256207163468397	0.0057743831732151	0.00623763882549825
Visa_status	0.00136767541436041	0.0175816160586283	0.00486840103453522
ctarjeta_visa___ctarjeta_debito	0.000365811815634084	0.00179851978583018	0.00121710025863381
ctarjeta_debito___cprestamos_personales	0.000137279907678307	0.000678415417486096	0.000608550129316903
