Feature	Gain	Cover	Frequency
ctrx_quarter___r_mcaja_ahorro	0.203066732950164	0.0314387171709073	0.0251935870869233
campo1	0.0622890083205034	0.00141122732539943	0.000425346275493511
r_mpayroll	0.0548265378681971	0.0662629804196896	0.0206020285745447
ctrx_quarter_normalizado	0.0415471914106288	0.00678389788124197	0.00732904351619588
cpayroll_trx	0.0328256178749681	0.0252315125797852	0.00416621223688516
r_mrentabilidad_annual	0.032024559963607	0.0257922918317279	0.0298069582288145
ctrx_quarter___cdescubierto_preacordado	0.0281615483058955	0.027201956287925	0.0184971098265896
r_mprestamos_personales	0.0231121741957108	0.0157120795357577	0.0116479441596684
r_mpasivos_margen	0.0204551870441455	0.0147782907813949	0.01547606063911
r_mtarjeta_visa_consumo	0.016435236289644	0.0166824339839175	0.0171774457410841
r_Visa_mpagominimo	0.0143990030079387	0.0189854660602788	0.0239829861489803
r_mactivos_margen	0.0142413502524687	0.0173786916689987	0.018246264587196
cliente_edad	0.0128832275214311	0.0137172768502108	0.0215290653288254
r_mcomisiones_mantenimiento___ccomisiones_mantenimiento	0.0124515157437019	0.02011739068895	0.00921583596902607
ccaja_ahorro___r_mcuentas_saldo	0.0117781931643821	0.00609462028585949	0.00844148762133275
r_mprestamos_personales___cprestamos_personales	0.0110021312596473	0.00757903563244088	0.00532228160104701
r_Master_Fvencimiento	0.0102623643488365	0.010464892673911	0.0172428836296216
r_mrentabilidad	0.0102034673708672	0.00947661260609885	0.0127822008943178
ctrx_quarter___ctarjeta_visa	0.0101982075067111	0.0253696386331543	0.0136874250190861
nulos___r_mcomisiones_mantenimiento	0.00980903214859577	0.0144619486291254	0.0204493401679572
r_Master_mfinanciacion_limite	0.00966616620452895	0.00827530420859667	0.0177009488493838
r_mcuenta_corriente___r_mcomisiones_mantenimiento	0.00961711852277054	0.0110154158009211	0.0183117024757335
cdescubierto_preacordado___ctarjeta_visa	0.00932508896256602	0.00786532822083494	0.00152688406587414
Visa_cconsumos	0.00878023408257576	0.0167506970611741	0.019991274948195
r_Visa_mfinanciacion_limite	0.00840856976587489	0.00764732484827647	0.0141018649798233
r_Visa_msaldototal	0.00832733490178318	0.018690583681363	0.0219216926600502
r_Visa_mconsumospesos	0.00831915008470794	0.0258118140829138	0.0306031192060203
r_Master_mpagominimo	0.00813659983054058	0.0100885254531977	0.01779910568219
nulos___r_Visa_fechaalta	0.00810438117811753	0.00501462103346642	0.00958665067073836
r_mcuentas_saldo___r_mprestamos_personales	0.00796816284039349	0.0143306872200645	0.0201112444105137
ctarjeta_visa___r_mcuentas_saldo	0.00790218221967316	0.0128843830107631	0.0118878830843058
Master_status	0.0078916939597906	0.00609140632975075	0.00158141563965536
nulos___r_mcuenta_corriente	0.00777962580033335	0.0137465967120894	0.018246264587196
r_mcaja_ahorro___r_Visa_fechaalta	0.00749547995136435	0.00671577638795492	0.0130984840222489
cdescubierto_preacordado___r_mcuenta_corriente	0.00724531765518985	0.011060348018211	0.0120187588613807
r_Visa_msaldopesos	0.00710030752740977	0.0175786561547293	0.0174610099247464
ctrx_quarter___r_mcuentas_saldo	0.00702709801210927	0.00920459386005019	0.0139600828879921
r_mprestamos_personales___ccomisiones_otras	0.00701059135727319	0.0186835229977123	0.0242447377031301
r_mcuentas_saldo___ccomisiones_otras	0.00693575947590395	0.0317221323373971	0.0392518268077217
ctrx_quarter___r_mprestamos_personales	0.00675366002596968	0.00791059370500703	0.0132729850583488
nulos___ccomisiones_otras	0.0066515941372091	0.0210290629381619	0.0176791362198713
r_mcomisiones_mantenimiento___r_Visa_fechaalta	0.00655156065791392	0.0134121372572549	0.0122477914712619
r_Master_fultimo_cierre	0.00653797526669031	0.00835786726677766	0.0162940342458283
ctarjeta_visa___r_Visa_fechaalta	0.00650409843123246	0.00429584278436734	0.00540953211909696
r_mcuenta_corriente___r_Visa_fechaalta	0.0064476478716327	0.00825090929064348	0.0123023230450431
r_mcuenta_corriente___ccomisiones_mantenimiento	0.00641614602708185	0.00438742691962348	0.00610753626349656
ctarjeta_debito___r_mcuentas_saldo	0.00639818768022632	0.00718851001477273	0.0117133820482059
ctarjeta_visa_transacciones	0.0063535530296835	0.0157883584439056	0.0160759079507035
ctarjeta_debito___r_mcaja_ahorro	0.00622549660240122	0.0071535899623448	0.0120951030646744
r_mcuentas_saldo___r_mcaja_ahorro	0.00615073384929916	0.0084992900484223	0.0163158468753408
cdescubierto_preacordado___r_mprestamos_personales	0.0060190081833565	0.00691644334799592	0.00864870760170139
ccallcenter_transacciones	0.00599668535074239	0.0335873628195506	0.0100883411495256
cdescubierto_preacordado___r_mcuentas_saldo	0.00591822611282739	0.0175437938249966	0.0194132402661141
ctarjeta_debito___r_mprestamos_personales	0.00590774057419395	0.00795241216407435	0.011626131530156
ctrx_quarter___ctarjeta_debito	0.00581879301519133	0.00923799569668158	0.0109063147562439
ctrx_quarter___ccomisiones_otras	0.00578933151371477	0.0146347050323385	0.0194241465808703
ccajas_consultas	0.00562544635404035	0.0065961117951075	0.00220307558076126
ccaja_seguridad	0.00551275725551416	0.0147098185955063	0.00244301450539863
ctrx_quarter___cprestamos_personales	0.00531471883922119	0.0121524908187615	0.00771076453266441
Visa_status	0.00529857962315325	0.0115216144326028	0.00174501036099902
ccaja_ahorro___r_mcomisiones_mantenimiento	0.00529553190848739	0.0198342815616559	0.0150507143636165
ccaja_ahorro___r_Visa_fechaalta	0.00527990688941643	0.00488101150872594	0.0073835750899771
r_mcomisiones_otras	0.00491550312352871	0.00457020746788067	0.00653288253899008
ccomisiones_mantenimiento___r_Visa_fechaalta	0.00476564643191231	0.0104137242273162	0.00496237321409096
r_mcuenta_corriente___r_mcuentas_saldo	0.00466473716394293	0.00989789244016784	0.00850692550987021
ctarjeta_visa___r_mcaja_ahorro	0.0046497116819287	0.0120349260250932	0.0152470280292289
r_mcuentas_saldo	0.00422943342766381	0.00448497282910506	0.00573672156178427
ccaja_ahorro___r_mprestamos_personales	0.00421423735362787	0.00413664576900709	0.00714363616533973
cdescubierto_preacordado___r_mcomisiones_mantenimiento	0.00404280044725293	0.00512366682859771	0.00704547933253354
r_mcomisiones_mantenimiento	0.0040193088852728	0.00908271293352561	0.0127712945795616
r_mprestamos_personales___ccomisiones_mantenimiento	0.00400305774188822	0.00290951245545928	0.00477696586323481
nulos___ccomisiones_mantenimiento	0.00394766377211327	0.00167022143535709	0.00257389028247355
r_mcomisiones	0.00394281237879585	0.00375887142145795	0.00539862580434071
cproductos	0.00388918276994453	0.0117265419810198	0.00814701712291417
ctarjeta_visa___r_mcuenta_corriente	0.00382142654502984	0.00429703753524884	0.00719816773912095
nulos___r_mcuentas_saldo	0.0037205432174351	0.00290323266185607	0.00796160977205802
thomebanking	0.00371978654110712	0.00305034385175419	0.00304286181699204
ctrx_quarter	0.00367085730581549	0.00359224669323369	0.0037299596466354
ctarjeta_visa___ctarjeta_debito	0.00332416923974015	0.00105661720437588	0.00128694514123678
ccajas_transacciones	0.00295872007526851	0.000841969371895708	0.000785254662449558
cdescubierto_preacordado___nulos	0.00242216233779891	0.00200767266837883	0.00308648707601701
campo8	0.000672440832994066	0.00726608604990323	0.00202857454466136
ctarjeta_debito___cprestamos_personales	0.000625270646788762	0.00121458897384582	0.00125422619696804
