Feature	Gain	Cover	Frequency
ctrx_quarter___r_mcaja_ahorro	0.178001964775306	0.0299882208661752	0.0272680130218087
r_mpayroll	0.0535022114369664	0.0571887350840697	0.0162628561551093
campo1	0.0473355675190604	0.00110506419402552	0.000482555962086946
ctrx_quarter_normalizado	0.0465704194907766	0.00763103382868327	0.00821785601106278
ctrx_quarter___cdescubierto_preacordado	0.0399076753831175	0.0239289829530739	0.0181138543977414
cpayroll_trx	0.0325770288734693	0.026193663378426	0.00489038057100055
r_mrentabilidad_annual	0.030396345250353	0.0258322567705078	0.0252945752067068
r_mprestamos_personales	0.0230183564582892	0.0139717519190672	0.0116893780069719
r_mpasivos_margen	0.0199507088995066	0.0143627816945975	0.0154706000979517
ctrx_quarter___ctarjeta_visa	0.0163875021205793	0.0226229294275793	0.013605197199735
r_mtarjeta_visa_consumo	0.0158666658834263	0.0177804964904767	0.019914436345827
r_Visa_mpagominimo	0.0147689664733826	0.0175459733548633	0.0218518625219671
r_mactivos_margen	0.0138339575926756	0.0175896506521639	0.0165005329722566
r_mcomisiones_mantenimiento___ccomisiones_mantenimiento	0.0137239634902472	0.0190228184018084	0.00967272622511596
cliente_edad	0.0136649304305557	0.0143707506232748	0.0221615626170378
cdescubierto_preacordado___ctarjeta_visa	0.0122141434036046	0.00630135668354847	0.00134683529716804
ccaja_ahorro___r_mcuentas_saldo	0.0117555251112471	0.00692931171500731	0.00845553282821008
cdescubierto_preacordado___r_mcuentas_saldo	0.0103529293677668	0.0216061121538495	0.0236236351588834
r_mprestamos_personales___cprestamos_personales	0.0103305817107546	0.00904453142173954	0.00630923914609202
r_Master_mfinanciacion_limite	0.0100051285836564	0.00908595808954848	0.0180778427587796
nulos___r_mcomisiones_mantenimiento	0.00994013130854088	0.0130410006091363	0.0166301748725188
r_mrentabilidad	0.00985141983236287	0.0107359884686361	0.013122641237648
ctrx_quarter	0.00977473908869299	0.00511932684156419	0.00568263662815822
r_Master_Fvencimiento	0.00955169536733582	0.0119689281761398	0.0150600674137881
r_mcuenta_corriente___r_mcomisiones_mantenimiento	0.00927491271933139	0.0101388499945255	0.0176529054190314
r_mcuentas_saldo___r_mcaja_ahorro	0.00927245416018954	0.00960869603247118	0.0178257612860477
r_Visa_msaldototal	0.00922011872106124	0.0183650516382104	0.0240413701708392
r_Visa_mfinanciacion_limite	0.00837213453011505	0.00869866444846261	0.0144550718792314
Visa_cconsumos	0.00815168957494361	0.0145594148658889	0.0180058194808562
r_mcuentas_saldo___r_mprestamos_personales	0.0080420901438134	0.0123616058138767	0.0164285096943332
Master_status	0.00787204916359928	0.00713180061386843	0.00179337962029328
r_Visa_mconsumospesos	0.00779040124972639	0.0200573703291157	0.024941661144882
r_Visa_msaldopesos	0.00772538304491524	0.0177046130111431	0.0197919967733571
nulos___r_Visa_fechaalta	0.00767027421805346	0.00548908078561755	0.00964391691394659
r_Master_mpagominimo	0.00764985542540351	0.00986908830360215	0.0157154792428913
ctarjeta_visa___r_mcuentas_saldo	0.00762011972961654	0.0172336369897217	0.0133891273659647
ctarjeta_visa_transacciones	0.00759452319606646	0.0144719899590911	0.0161188095992625
nulos___r_mcuenta_corriente	0.00730628608684141	0.0111830832720972	0.0154706000979517
r_mcaja_ahorro___r_Visa_fechaalta	0.00717793963054163	0.00915307172036577	0.0155930396704215
ctarjeta_visa___r_Visa_fechaalta	0.00716377120098947	0.00566628286178893	0.00690703235285644
r_mprestamos_personales___ccomisiones_otras	0.00690699081012744	0.0182185069581423	0.0240773818098009
r_mcomisiones_mantenimiento___r_Visa_fechaalta	0.00688072557223477	0.0132019842183687	0.0115381291233327
ctarjeta_debito___r_mcaja_ahorro	0.00676095792152221	0.00840135571733105	0.0136340065109043
ctrx_quarter___r_mprestamos_personales	0.00675600420264384	0.00688590607846613	0.0126040736365994
r_Master_fultimo_cierre	0.00668229381734838	0.00795545622121152	0.0147143556797557
nulos___ccomisiones_otras	0.00659709271965516	0.017584140093559	0.0153121488865201
cdescubierto_preacordado___r_mprestamos_personales	0.00655588123192526	0.00856057321202623	0.0101480798594106
r_mcuenta_corriente___r_Visa_fechaalta	0.00646714119820289	0.00731107881744366	0.0111059894557921
r_mcuenta_corriente___ccomisiones_mantenimiento	0.00639830304290224	0.00514029393857806	0.00664054622453977
r_mcuentas_saldo___ccomisiones_otras	0.00621608558897321	0.0287469306265275	0.0358531877502809
ctrx_quarter___r_mcuentas_saldo	0.00613743655668545	0.00921736391449567	0.0139869205727291
ccallcenter_transacciones	0.00600120698284642	0.030642955895698	0.00836910489470197
cdescubierto_preacordado___r_mcuenta_corriente	0.00595735981191051	0.0103421768869292	0.0119918757742502
ctrx_quarter___ccomisiones_otras	0.00580643174719612	0.0195690738568747	0.024394284232664
ctarjeta_debito___r_mprestamos_personales	0.00572454733991701	0.00807993949080659	0.0114300942064475
ctarjeta_debito___r_mcuentas_saldo	0.00567065579047317	0.00796254049461572	0.0109331335887759
ccajas_consultas	0.00564386812642903	0.00802258519287169	0.00239117282705771
ctrx_quarter___ctarjeta_debito	0.00554962009558845	0.00860894225044269	0.00993201002564029
nulos___ccomisiones_mantenimiento	0.0055212515379832	0.00347391213857975	0.00375241277981043
ccaja_seguridad	0.00545915442000456	0.0145296619403141	0.00241277981043473
r_mcuenta_corriente___r_mcuentas_saldo	0.00543593029777015	0.00993460073394325	0.0099176053700556
ccaja_ahorro___r_mcomisiones_mantenimiento	0.00540711955327985	0.0183589785820331	0.0141453717841606
ctarjeta_visa___r_mcaja_ahorro	0.00520720056322125	0.0141245211461362	0.0174152286018841
ccaja_ahorro___r_Visa_fechaalta	0.00510594727994325	0.00475159149675386	0.00714470917000375
Visa_status	0.005101724741271	0.00996477297589026	0.00164933306444643
ctrx_quarter___cprestamos_personales	0.00473963241899774	0.0142178644222789	0.00739679064273573
ccaja_ahorro___r_mprestamos_personales	0.00466377882762274	0.00533251469993443	0.00772809772118349
r_mcomisiones_mantenimiento	0.00459461952422603	0.00916276138025337	0.0129353807150471
r_mcomisiones_otras	0.00455852367464517	0.00475008234133499	0.00700786494194924
cdescubierto_preacordado___r_mcomisiones_mantenimiento	0.00445921798604901	0.00572359752921305	0.00844833050041774
r_mcomisiones	0.00433405451078204	0.004273232055492	0.00607876465673706
r_mcuentas_saldo	0.00430992445152899	0.00734596517256905	0.00803779781625421
ccomisiones_mantenimiento___r_Visa_fechaalta	0.00421002289254638	0.0104101118920427	0.00576906456166633
nulos___r_mcuentas_saldo	0.00418837135971298	0.00328941293480912	0.00811702342196998
r_mprestamos_personales___ccomisiones_mantenimiento	0.00418639306223713	0.00585593850637447	0.00668376019129383
cproductos	0.00417215443143679	0.012536462658692	0.00848434213937945
ctarjeta_visa___r_mcuenta_corriente	0.00402751029099703	0.00743431820036143	0.00905332603497451
campo8	0.00365748923148304	0.00551839841477548	0.00179337962029328
thomebanking	0.00352510647887871	0.00362740622047503	0.00294575206706808
ccajas_transacciones	0.002714231830779	0.000980681918312778	0.000921897957419838
ctarjeta_visa___ctarjeta_debito	0.00264320418476127	0.00121445910544083	0.00123159805249057
ctarjeta_debito___cprestamos_personales	0.0020023499131134	0.00242595167538866	0.00167094004782346
cdescubierto_preacordado___nulos	0.00187592333326621	0.00165107355640386	0.00272247990550546
