Feature	Gain	Cover	Frequency
ctrx_quarter___r_mcaja_ahorro	0.152119336651375	0.0154569843342289	0.0135585517345857
ctrx_quarter___r_mprestamos_personales	0.0556173566600846	0.00746480400643472	0.0063626723223754
r_mpayroll	0.0533792979872719	0.03908567931508	0.0153007120133313
ctrx_quarter___cdescubierto_preacordado	0.0527448979379216	0.00980888802911851	0.00992273897894258
campo1	0.0465312989901653	0.00113329904600132	0.000757460990758976
cpayroll_trx	0.0323371850387243	0.0157856786411579	0.00734737161036207
r_mrentabilidad_annual	0.0253920504312619	0.0252577979359516	0.0226480836236934
r_mtarjeta_visa_consumo	0.0196364318857381	0.0124988097500038	0.0103014694743221
r_mprestamos_personales	0.0178082591654573	0.0125763808481736	0.00552946523254052
ctrx_quarter___r_mcuentas_saldo	0.017339148522621	0.00240641288771582	0.00515073473716104
r_mcuentas_saldo___r_mprestamos_personales	0.0153169994907668	0.0193967142256484	0.0174216027874564
ctarjeta_visa___r_mcuentas_saldo	0.014925235125528	0.00623383982960854	0.00734737161036207
ctrx_quarter___ccaja_ahorro	0.012908581939972	0.0038788021689434	0.00386305105287078
r_mpasivos_margen	0.0128317016498201	0.00521743728284677	0.00742311770943796
cdescubierto_preacordado___ctarjeta_visa	0.0125191988028831	0.00543765293522511	0.00227238297227693
ctrx_quarter___ctarjeta_visa	0.0105753030316456	0.00910553095007282	0.00749886380851386
r_mactivos_margen	0.010554361857234	0.0131384093480781	0.0134070595364339
r_Visa_mpagominimo	0.0103991351317497	0.00897510930416104	0.0126495985456749
nulos___r_mcomisiones_mantenimiento	0.0101957685415915	0.0054839016289241	0.00802908650204515
r_mprestamos_personales___cprestamos_personales	0.00954601870324606	0.00465050203665824	0.00212089077412513
r_mcaja_ahorro___r_mprestamos_personales	0.00845930539676973	0.00772458407831877	0.0113619148613846
r_mcuenta_corriente___r_mprestamos_personales	0.0082970509040708	0.00233135560413161	0.00363581275564308
r_Visa_msaldopesos	0.00808918783465706	0.00727798499897768	0.00999848507801848
r_mcomisiones_mantenimiento___ccomisiones_mantenimiento	0.00759624064862333	0.0105686095016493	0.00689289501590668
r_mrentabilidad	0.00722041340257261	0.00929225105334944	0.0094682623844872
cliente_edad	0.0071031793753926	0.00910348693034417	0.0148462354188759
ccajas_consultas	0.00680328110531231	0.0167101524995591	0.00477200424178155
r_tot	0.00674032936145292	0.00646859439650838	0.00742311770943796
ccaja_seguridad	0.00649855220337157	0.0159912097700824	0.00409028935009847
Master_status	0.00638975731707245	0.00958119412176521	0.00212089077412513
r_mcuentas_saldo___r_mcaja_ahorro	0.00570936814296973	0.00266565448128426	0.00499924253900924
ctarjeta_master	0.00544356602894415	0.000389451694427655	0.000605968792607181
r_mprestamos_personales___ccomisiones_otras	0.00514940419740251	0.0195288392213341	0.0168913800939252
ctarjeta_visa_transacciones	0.00500798423367731	0.00508643869588256	0.00772610210574156
r_mcuenta_corriente___ccomisiones_mantenimiento	0.00499551567568317	0.00774273299542555	0.0063626723223754
Visa_status	0.00469380954059263	0.0148538419159922	0.00257536736858052
r_mcuenta_debitos_automaticos	0.00460113881559737	0.0134871042781583	0.00878654749280412
r_Visa_msaldototal	0.00454440632208047	0.00624446378698849	0.00818057870019694
ccaja_ahorro___r_mcuentas_saldo	0.00444099382592167	0.00317149441735766	0.00409028935009847
nulos___ccomisiones_mantenimiento	0.0042814600874862	0.00218140862460223	0.00272685956673231
Visa_cconsumos	0.00424695559696932	0.00658252926501207	0.00893803969095592
ctarjeta_visa___r_Visa_fechaalta	0.00422161746243301	0.0045228936652117	0.00272685956673231
r_Master_fechaalta	0.00422150385569038	0.0132872546449311	0.00901378579003181
r_Visa_mconsumospesos	0.00407705181764162	0.00551588888927443	0.0108316921678534
cdescubierto_preacordado___r_mcuentas_saldo	0.00397705963506049	0.00660057378326175	0.00893803969095592
r_Master_Fvencimiento	0.00392322676309293	0.00687114265282644	0.00878654749280412
r_mcuenta_corriente___r_mcomisiones_mantenimiento	0.00387205413089502	0.00648896316299789	0.00787759430389335
ctrx_quarter___nulos	0.00382057688890246	0.00336268169278318	0.00734737161036207
chomebanking_transacciones	0.00374939086736579	0.00405942592843257	0.00787759430389335
r_mcuenta_corriente___r_Visa_fechaalta	0.00374666725976232	0.00407650338358482	0.0062869262232995
r_mcuentas_saldo___r_Visa_fechaalta	0.00369612591655919	0.00575642385605207	0.00704438721405848
ctrx_quarter___cprestamos_personales	0.00365571724150453	0.00844923028219954	0.00340857445841539
nulos___r_Visa_fechaalta	0.00326226588325335	0.0021654081260812	0.00454476594455386
r_mcuentas_saldo	0.00323924319523825	0.00147723833340643	0.00249962126950462
r_mcomisiones_mantenimiento___r_Visa_fechaalta	0.00317822066476063	0.00662161290030742	0.00568095743069232
r_mcuentas_saldo___ccomisiones_otras	0.00315456179103845	0.00570521896397877	0.0109831843660052
r_mcaja_ahorro___r_Visa_fechaalta	0.00315281041480808	0.00883415161569636	0.00749886380851386
ctarjeta_debito___r_mcuentas_saldo	0.00313501728937482	0.00596999369697395	0.00696864111498258
thomebanking	0.00311673521894462	0.00317998918752026	0.00295409786396001
r_mcaja_ahorro___ccomisiones_mantenimiento	0.00310933942151161	0.00117692677891923	0.00196939857597334
r_Master_mfinanciacion_limite	0.0030811904869887	0.00477222560936988	0.00810483260112104
ctarjeta_debito___r_mprestamos_personales	0.00305784516495992	0.00262694997868052	0.00492349643993334
r_Visa_fechaalta___r_Visa_fultimo_cierre	0.00281650548453871	0.00354909958884186	0.00605968792607181
ccallcenter_transacciones	0.00281286370269736	0.0163157583434488	0.00439327374640206
r_Visa_mfinanciacion_limite	0.00280043040379982	0.00349948265833195	0.00704438721405848
r_mcaja_ahorro___r_mcomisiones_mantenimiento	0.00277702255465552	0.00556700311918235	0.00765035600666566
internet	0.00271178571155345	0.0133681582645134	0.00378730495379488
r_mautoservicio	0.0027070822652436	0.00888093878771097	0.0094682623844872
cdescubierto_preacordado___r_mcuenta_corriente	0.00264736209838955	0.00288048260316814	0.00333282835933949
cmobile_app_trx	0.00264290607417661	0.00339000397262377	0.00348432055749129
r_Visa_mpagospesos	0.00263741038603411	0.00363429180358062	0.00727162551128617
ccomisiones_otras___r_Visa_fechaalta	0.00259778701466095	0.00522107475881549	0.00727162551128617
r_mtransferencias_emitidas	0.0025512317629628	0.00763980396433176	0.00977124678079079
cdescubierto_preacordado___nulos	0.00251203275752055	0.00113966462894658	0.00159066808059385
r_mtransferencias_recibidas	0.00250884133373292	0.00382558347786325	0.00674140281775489
ctransferencias_recibidas	0.0025065498463403	0.00441947835523084	0.00658991061960309
ctarjeta_debito___r_mcaja_ahorro	0.0024223985786926	0.00238223081560352	0.00454476594455386
r_mttarjeta_visa_debitos_automaticos	0.00239419959185772	0.00316642832544956	0.00651416452052719
ctrx_quarter___r_Visa_fechaalta	0.00238999954028806	0.00426991325573141	0.0062111801242236
nulos___ccomisiones_otras	0.00238289402434379	0.00678466468374225	0.0063626723223754
nulos___r_mcuenta_corriente	0.00236612518031068	0.00279364473276075	0.00515073473716104
r_mcaja_ahorro_dolares	0.00234517047571831	0.00302282495015868	0.00568095743069232
r_Visa_Fvencimiento	0.00233056691086554	0.00322220478852886	0.00522648083623693
ccomisiones_mantenimiento___r_Visa_fechaalta	0.00231739143186639	0.00593189086146775	0.00439327374640206
cproductos	0.00229944650038053	0.00477035192461862	0.00409028935009847
tmobile_app	0.00229699969018504	0.0139156890599715	0.00265111346765642
ccomisiones_otras___r_mcomisiones_mantenimiento	0.00228966969166973	0.00685263658173482	0.00908953188910771
ccaja_ahorro___r_mprestamos_personales	0.00226665750774884	0.0027020237462948	0.00287835176488411
cliente_antiguedad	0.00224025041693451	0.00270901297504437	0.00522648083623693
r_mcuentas_saldo___ccomisiones_mantenimiento	0.00219851946164597	0.00633580454494325	0.00348432055749129
cdescubierto_preacordado___r_mcaja_ahorro	0.00213974110948326	0.00338697915310598	0.00484775034085745
r_mcuentas_saldo___r_Visa_fultimo_cierre	0.00212695066234992	0.00559517707390988	0.00560521133161642
r_mcomisiones_otras	0.00211856239505307	0.00455495510369734	0.00462051204362975
ccaja_ahorro___r_Visa_fechaalta	0.00208794873525117	0.00254322484261797	0.0032570822602636
nulos___r_mcuentas_saldo	0.00208784452554858	0.00157388145436696	0.00378730495379488
cdescubierto_preacordado___r_mcomisiones_mantenimiento	0.0020782114038867	0.0026837209782407	0.00371155885471898
r_mcaja_ahorro___r_Visa_fultimo_cierre	0.0020607578536079	0.0039746485617839	0.00552946523254052
ctrx_quarter___r_mcomisiones_mantenimiento	0.0020281278909269	0.00387688452677862	0.00537797303438873
r_mcuentas_saldo___r_mcomisiones_mantenimiento	0.00202419719639127	0.00402182585584349	0.00666565671867899
r_mextraccion_autoservicio	0.002023186363113	0.00696843689297473	0.0106044538706257
r_mplazo_fijo_dolares	0.00202171967715418	0.0146869301221827	0.00431752764732616
ccaja_ahorro___r_mcomisiones_mantenimiento	0.00202048199154862	0.00637314087305121	0.00765035600666566
ctarjeta_visa___r_mcomisiones_mantenimiento	0.00199883662025805	0.00197112185300257	0.00174216027874564
r_Master_mlimitecompra	0.0019827565927055	0.00220996445935971	0.00492349643993334
tcallcenter	0.00195169194385262	0.00318916255025407	0.00166641417966975
ctarjeta_debito___r_mcuenta_corriente	0.0019031705071019	0.00354361590150533	0.00484775034085745
ctrx_quarter___r_mcuenta_corriente	0.00189386158633813	0.00451918750578435	0.00454476594455386
r_mprestamos_personales___r_Visa_fechaalta	0.00187066738503242	0.00223337178205874	0.00522648083623693
r_Master_fultimo_cierre	0.00184918841381773	0.00249598985445313	0.00439327374640206
ccaja_ahorro___r_mcuenta_corriente	0.00183618485729179	0.00304251512407698	0.00454476594455386
ctrx_quarter___r_Visa_fultimo_cierre	0.00181744335559548	0.00370043946891213	0.00545371913346463
r_Master_msaldopesos	0.00181211624722882	0.00616065623077559	0.00469625814270565
r_mcomisiones_mantenimiento___r_Visa_fultimo_cierre	0.00176694110874124	0.00282572265527647	0.0063626723223754
r_mcomisiones_mantenimiento	0.00176622874030261	0.0043033099006527	0.00507498863808514
nulos___r_Visa_fultimo_cierre	0.00176054572301669	0.0040526262660288	0.00462051204362975
r_Visa_mconsumosdolares	0.00173426216837671	0.00408527563492026	0.00507498863808514
ctarjeta_debito___r_Visa_fultimo_cierre	0.00172616696896904	0.00284446499746576	0.00469625814270565
ctrx_quarter___ccomisiones_mantenimiento	0.00168059065990078	0.00208779856517453	0.0031813361611877
ctarjeta_debito___r_mcomisiones_mantenimiento	0.00167797904174812	0.00322252897445357	0.00492349643993334
ctrx_quarter___ccomisiones_otras	0.00167451927399873	0.0038152892010847	0.00658991061960309
ctrx_quarter___ctarjeta_debito	0.0016728645575177	0.00375657033863794	0.00462051204362975
cdescubierto_preacordado___r_Visa_fechaalta	0.00165767212458727	0.00281529101158067	0.00340857445841539
r_Master_mpagominimo	0.0016413906323129	0.00182891412559093	0.00424178154825027
r_mcuenta_corriente___r_Visa_fultimo_cierre	0.00162170874525905	0.00392789161049108	0.00515073473716104
r_mcomisiones	0.00154004572559055	0.00253296902857624	0.0032570822602636
r_mcuenta_corriente___r_mcaja_ahorro	0.00149804917222394	0.0024551534172937	0.00386305105287078
r_mcaja_ahorro___ccomisiones_otras	0.00146342859796852	0.00444277028971938	0.00810483260112104
r_mcuenta_corriente___ccomisiones_otras	0.00144254847431087	0.00179030303249091	0.00439327374640206
r_mcuenta_corriente	0.00143978264318504	0.00314817500948567	0.0032570822602636
nulos___r_mcaja_ahorro	0.00140214529977046	0.00168880536467484	0.00371155885471898
r_mprestamos_personales___ccomisiones_mantenimiento	0.00135077524900707	0.00374652057497209	0.00242387517042872
r_mpagomiscuentas	0.00133232015119371	0.0020406130290999	0.00431752764732616
ccaja_ahorro___ccomisiones_mantenimiento	0.00132632587601237	0.00901006918460061	0.00234812907135283
r_mprestamos_personales___r_mcomisiones_mantenimiento	0.00131278660103107	0.00285616041680024	0.00431752764732616
ctarjeta_visa_debitos_automaticos	0.00131139797602429	0.00135514112267987	0.00242387517042872
ctarjeta_debito_transacciones	0.00130023084149275	0.00307864537065151	0.00507498863808514
ctarjeta_visa___r_mcuenta_corriente	0.00127003766348841	0.00354294280361081	0.00265111346765642
cdescubierto_preacordado___r_mprestamos_personales	0.00123598207148258	0.00185899198579151	0.00234812907135283
r_matm_other	0.00123488021022882	0.00229385168838461	0.00333282835933949
ccaja_ahorro___r_mcaja_ahorro	0.00122525245059503	0.00358428200368737	0.00333282835933949
ctarjeta_debito___ccomisiones_otras	0.0012232015814239	0.00170180576972317	0.0030298439630359
ccomisiones_otras___r_Visa_fultimo_cierre	0.00121192841437151	0.00109974855013271	0.00348432055749129
r_Visa_mlimitecompra	0.00120698960582899	0.00270082865411474	0.00340857445841539
ctarjeta_debito___r_Visa_fechaalta	0.0011903967002472	0.00208009502845527	0.00257536736858052
cdescubierto_preacordado___ccomisiones_otras	0.00117695828442687	0.00320030575458122	0.00560521133161642
ccaja_ahorro___cdescubierto_preacordado	0.00116428698460758	0.000592974519022034	0.000378730495379488
r_Master_mpagospesos	0.00115943902401987	0.00892472861359123	0.00386305105287078
nulos___r_mprestamos_personales	0.00115892397012392	0.00219215346486935	0.0031055900621118
r_Visa_mconsumototal	0.00115068148612393	0.00169330825222222	0.00333282835933949
r_Master_mpagado	0.00114774741075771	0.000755696621855463	0.00227238297227693
r_Master_msaldototal	0.00114562556948918	0.00273202742836007	0.00386305105287078
cdescubierto_preacordado	0.00109726992478932	0.000497312197850648	0.000530222693531283
r_Visa_msaldodolares	0.00109306188225605	0.0034097381039556	0.00265111346765642
ctarjeta_visa___r_Visa_fultimo_cierre	0.00107433125610602	0.00133294812352931	0.000605968792607181
cextraccion_autoservicio	0.00100234127792412	0.00480311942905892	0.0062869262232995
r_Master_msaldodolares	0.000981518109782949	0.00147859002387214	0.00242387517042872
r_Visa_mpagado	0.000975662474686433	0.00961401382563406	0.0031055900621118
r_mprestamos_personales___r_Visa_fultimo_cierre	0.000970263903549747	0.00190078449669499	0.00378730495379488
r_Master_mconsumospesos	0.000908481270872202	0.00309158533425625	0.00196939857597334
ctarjeta_visa___r_mcaja_ahorro	0.000907235466324361	0.00191965046910981	0.0032570822602636
ccaja_ahorro	0.000882996112506123	0.00341577400629947	0.00143917588244205
ctransferencias_emitidas	0.000879109753203236	0.00214694326506475	0.0030298439630359
r_matm	0.000856267125259257	0.00277757280344276	0.00568095743069232
r_mtarjeta_master_consumo	0.000852808603584887	0.00249283865737146	0.00219663687320103
ctarjeta_visa___r_mprestamos_personales	0.00084851531001265	0.00192617265034073	0.00257536736858052
ccaja_ahorro___ccomisiones_otras	0.000772254891694404	0.00145445190917336	0.00272685956673231
r_mttarjeta_master_debitos_automaticos	0.000724882957816154	0.000991725953747367	0.00174216027874564
ctrx_quarter	0.000723791309984602	0.00131705202386539	0.0032570822602636
r_mcaja_ahorro	0.000707223488902092	0.00161976475206608	0.00265111346765642
r_mcuenta_corriente___r_mcuentas_saldo	0.000705089769610665	0.00104765626777399	0.00189365247689744
r_Visa_mpagosdolares	0.000701075906206903	0.00170899830151027	0.00242387517042872
ctarjeta_visa___ccomisiones_otras	0.000680374044214341	0.00502553295211321	0.00401454325102257
r_Master_mpagosdolares	0.000678172449385228	0.00441868162711081	0.00159066808059385
ccajas_transacciones	0.000664207247150551	0.00179727852454876	0.000681714891683078
r_Visa_madelantopesos	0.000661636799361046	0.000917696174704168	0.00174216027874564
cpagomiscuentas	0.000650050100737063	0.00112062007953935	0.00174216027874564
ctarjeta_debito___nulos	0.000610153550447506	0.000518941992640491	0.00143917588244205
r_Visa_madelantodolares	0.000606939945641131	0.000932726862789426	0.00196939857597334
cprestamos_personales___r_mcomisiones_mantenimiento	0.000587870939443041	0.00288495801733207	0.00151492198151795
catm_trx	0.000583957270290572	0.00264704401133553	0.0031813361611877
r_mcuentas_saldo___cprestamos_personales	0.000567953828023648	0.00372889914682754	0.00166641417966975
ccuenta_debitos_automaticos	0.000566927272006192	0.00083201493374001	0.00151492198151795
r_mtarjeta_visa_descuentos	0.00056533736734379	0.000531563264997221	0.00166641417966975
cprestamos_personales	0.000553600812290745	2.99707140051306e-05	7.57460990758976e-05
cdescubierto_preacordado___ctarjeta_debito	0.000552944407104668	0.0010020312198793	0.000833207089834873
ccomisiones_mantenimiento___r_Visa_fultimo_cierre	0.000530416811472907	0.00141399735204387	0.00196939857597334
r_mcaja_ahorro___cprestamos_personales	0.000491182799695704	0.00275675896814137	0.00136342978336616
ccaja_ahorro___nulos	0.000466723350033047	0.000923042495123454	0.00151492198151795
r_mcaja_ahorro_adicional	0.000429501896285536	0.000391075371389525	0.000833207089834873
r_mcheques_depositados	0.000401354201511727	0.00170057770948298	0.000908953188910771
cprestamos_personales___ccomisiones_otras	0.000392431519157833	0.000721374123911921	0.00151492198151795
r_mcuenta_corriente___cprestamos_personales	0.000390454312438093	0.00320638011966192	0.00128768368429026
tcuentas	0.000370094345638816	0.00468967908145732	0.000984699287986669
ccaja_ahorro___r_Visa_fultimo_cierre	0.000366173010448288	0.00164093574135232	0.00416603544917437
ccaja_ahorro___ctarjeta_debito	0.000361920791073559	0.000319856119473217	0.000908953188910771
r_Master_mconsumosdolares	0.000353109288169709	0.00106740688313588	0.000757460990758976
cdescubierto_preacordado___r_Visa_fultimo_cierre	0.000346149224586391	0.000549767128870903	0.000908953188910771
r_mtarjeta_master_descuentos	0.000332837459719309	0.000564410442249521	0.00113619148613846
r_Visa_fechaalta	0.000330327919839281	0.000676191397490766	0.000984699287986669
ccajas_extracciones	0.00032110311368159	0.00604651805923437	0.00113619148613846
catm_trx_other	0.000311260659846827	0.000568935308503664	0.000757460990758976
r_mpagodeservicios	0.000308912517237091	0.00122092540251371	0.000908953188910771
r_minversion1_pesos	0.000278654787585097	0.000211429664351163	0.000757460990758976
r_mforex_buy	0.000275727752911418	0.000548934685352381	0.00113619148613846
ctarjeta_master_transacciones	0.000267498010939272	0.000873837665365283	0.000833207089834873
ccomisiones_otras___ccomisiones_mantenimiento	0.000240865019918041	0.000586400138362553	0.000833207089834873
cprestamos_personales___r_Visa_fechaalta	0.000234961442152971	0.000465385378943908	0.000833207089834873
r_mcajeros_propios_descuentos	0.000224692431377523	0.000390476451630324	0.000984699287986669
r_mprestamos_prendarios	0.000219288419361486	0.000919078085891682	0.000833207089834873
r_minversion2	0.000206478264917434	0.00032474638172724	0.000605968792607181
ccomisiones_otras	0.000193494362873309	0.00216424874929963	0.00356006665656719
r_Master_mconsumototal	0.000189525906610326	0.00075968026245565	0.000833207089834873
ccheques_depositados	0.00017626867385209	0.00223770708196708	0.000378730495379488
r_mcheques_emitidos	0.000163087685027115	0.000315015309309404	0.000454476594455386
r_Visa_fultimo_cierre	0.000162235505816098	0.00012952601361132	0.00030298439630359
cseguro_vida	0.000160631659813521	0.00144008882430592	0.000454476594455386
campo7	0.000158163185291118	0.000148284839830683	0.000378730495379488
Master_cconsumos	0.000156544548271508	0.000219685416077758	0.000681714891683078
ccajas_depositos	0.000140994280385824	0.00216370752364567	0.000454476594455386
r_Master_madelantopesos	0.000136123448254935	0.00032629862789214	0.000605968792607181
ccomisiones_mantenimiento	0.000135634187523287	0.00181658681843711	0.000378730495379488
ctarjeta_debito___cprestamos_personales	0.000128624467679177	0.000296860897525931	0.000454476594455386
ctarjeta_visa___nulos	0.000128171978140706	0.000120033959629495	0.00030298439630359
ctarjeta_debito___ccomisiones_mantenimiento	0.000121624675686416	0.000241306968852565	0.000227238297227693
r_mforex_sell	0.000118722897636776	0.000123149441312676	0.000454476594455386
campo8	7.88834531030138e-05	0.00078619757216117	0.000605968792607181
nulos___cprestamos_personales	7.70999882325095e-05	0.000227007072767067	0.000454476594455386
r_Master_madelantodolares	7.20939516245684e-05	0.000414886552825263	0.000454476594455386
cdescubierto_preacordado___cprestamos_personales	6.97919746906481e-05	9.04368836392785e-05	0.00030298439630359
cdescubierto_preacordado___ccomisiones_mantenimiento	6.20920568294395e-05	5.33890260575399e-05	0.000151492198151795
r_mprestamos_hipotecarios	6.11525434516099e-05	5.7427613424626e-05	0.000151492198151795
ctarjeta_visa___ctarjeta_debito	5.67700329319973e-05	7.92524692369605e-05	7.57460990758976e-05
active_quarter	5.48954570488283e-05	5.15208359829695e-05	0.000151492198151795
nulos	5.23746914167444e-05	0.000157738431075678	0.000227238297227693
cseguro_vivienda	5.23377653837586e-05	0.000220166200288125	0.000151492198151795
r_mcheques_emitidos_rechazados	5.23236917276253e-05	4.42376420304897e-05	0.000151492198151795
campo5	5.18171030971951e-05	0.00029694331767628	7.57460990758976e-05
r_mplazo_fijo_pesos	4.83651410525378e-05	7.9411814860968e-05	0.00030298439630359
r_mcuenta_corriente_adicional	4.30933084151842e-05	5.59220720115898e-05	0.000151492198151795
cseguro_accidentes_personales	4.29323789181549e-05	8.49284702576406e-05	7.57460990758976e-05
ctarjeta_visa___ccomisiones_mantenimiento	4.18085047996636e-05	0.000431455750383695	0.000151492198151795
cplazo_fijo	3.34057572731051e-05	0.000325944221245641	0.000151492198151795
cprestamos_personales___ccomisiones_mantenimiento	3.21216023243371e-05	0.000306435371658104	7.57460990758976e-05
cinversion2	2.9570071653196e-05	0.000895082832786831	0.000151492198151795
r_minversion1_dolares	2.92682214820345e-05	6.84911449397658e-05	0.000227238297227693
ctarjeta_master_debitos_automaticos	2.57535550404736e-05	6.79004671956002e-05	7.57460990758976e-05
ccajeros_propios_descuentos	2.3969633016414e-05	0.000381586064746045	0.00030298439630359
campo3	2.1653934256661e-05	2.6344227389788e-05	7.57460990758976e-05
ccaja_ahorro___cprestamos_personales	1.28990586870985e-05	1.97616047152722e-05	7.57460990758976e-05
r_mpayroll2	1.13108338268613e-05	9.66431209605352e-05	0.000227238297227693
ctarjeta_visa___cprestamos_personales	1.2939892236441e-06	0.00011847347144956	0.00030298439630359
cprestamos_personales___r_Visa_fultimo_cierre	1.72259616965082e-07	2.62618072394393e-05	7.57460990758976e-05
ctarjeta_visa	5.34902566861606e-10	7.29802957954248e-05	7.57460990758976e-05
Visa_delinquency	3.76974334435921e-10	3.77676602281172e-05	7.57460990758976e-05
ccaja_ahorro___ctarjeta_visa	6.40547462358908e-11	0.000153013009122353	0.000151492198151795
